-605-

Anapaesti 231.

Hexametri 5. 8. 10. 11. 12. 13. 14.
20. 21. 29. 23. 25. 2755. 94. 36.
39. 40. 46. 49. 50. 51526391.
96103107. 110. 111. 120. 123.
124. 126. 136. 137. 138. 140.
141. 143. 160. 161. 162. 163.
155. 156. 158. 159. 163. 164.

166. 170. 174. 175. 177. 182.

186. 187. 188. 183. 190. 198.
193. 200. 204. 208. 209. 210.
211. 222. 232. 233. 237. 238.
246. 248. 249. 262. 263. 255.
260. 261. 262. 263. 264. 267.
268. 269. 270. 276. 277. 278.
279. 280. 282. 234. 286. 287.
2505 292. 293. 296. 306. 311.
314. 317. 320. 322. 323. 328.
329. 330. 333. 334. 336. 336.
337. 339. 343. 349. 361. 363.
555. 369. 332. 363. 364. 366.
367. 369. 376. 388. 389. 334.

962. 364. 968. 371. 374. 980.
981. 982. 984. 386. 986. 993.
996. 997. 998. 999. 1001. 1002.
1004. 1007. 1012. 1014. 1018.
1022.1027.10270. 1030. 1033.
10381041. 1042. 1044141046.
1046. 10460. 1048. 104310430.
1060010661067. 1069. 1061.
1066. 1070. 1071. 1074. 1076.
1081. 1086. 1089. 1091. 1100.
1102. 1106. 1108. 1103. 1127.
1128. 1133. 1137. 1138. 1144.
1147.1148.1163. 1166. 11680.
1169. 1160. 1169. 1172. 1174.
1180. 1181. 1186. 1187. 1193.
1198. 1201. 1230. 1237. 1261.
1266128612860. 1288. 1298.
1302. 1311. 1313. 1323. 1326.
1336. 1339. 1340. 1343. 1344.
13461349. 1350. 136613670.
1368. 1376. 1378. 1387. 1389.
13961399.

397. 401. 403. 404. 406. 416. Pentamotri 6. 47. 181. 201. 236.

.427. 433. 438. 439. 446. 447.
443. 460. 461. 462. 470. 473.
477. 430. 483. 484. 486. 488.
492. 496. 497. 600. 603. 606.
607. 611. 620. 623. 624. 626.
643. 648. 660. 661. 669. 660.
662. 663. 664. 671. 673. 682.
580. 690. 691. 692. 693. 698.
600. 602. 604. 606. 607. 609.
610. 611. 612. 613. 616. 617.
618, 623. 626. 628. 629. 631.
640. 541. 642. 646. 660. 662.
663. 667. 669. 667. 670. 672.
676. 678. 693. 696. 633. 702.
707. 709. 711. 714. 716. 716.
717. 719. 728. 734. 746. 749.
762. 761. 762. 766. 769. 777.
782. 784. 787. 739. 808. 817.
827. 846. 846. 847. 849. 860.
866. 866. 869. 866. 869. 870.
873. 878. 879. 882. 889. 893.
303. 908. 912. 913. 914. 916.

= 913. 324. 926. 927. 329.931.332.

933. 9330. 3330. 940. 9400. 9406.

9400. 946. 948. 361. 963. 960.

239. 302. 482. 430. 491. 621.
644. 683. 729. 736. 741. 766.
767. 336. 306. 102811641188. ‘.
1189. 1202. 1203. 1204..1206.
1206. 1207. 1208. 1209. 1210.
1211. 1213. 1214. 1216. 1216.
1217. 1218. 1228. 1231. 1282.
1291. 1368.

Disticha 2. 4. 7. 16. 17. 29. 31. 32.

49. 45. 45. 55. 55. 55. 57. 55.
55. 70. 71. 74. 75. 7775. 50. 55.
55. 95. 55. 50. 52. 55. 55. 55.
104. 112. 115.114.115. 117.
115. 115125. 125. 191.Ι 155.
155. 155. 147. 145157. 159.
175. 155. 157. 919. 214. 217.
919. 221. 227. 225. 254. 240.
241. 244. 945. 247. 959. 251.
255. 255. 255. 955. 207. 272.
275. 251. 255. 254. 257. 255.
301. 504. 505. 999. 919. 515.
915. 515. 515. 991. 525. 991.
555. 540. 541. 545. 959. 954.
550. 505. 375. 577. 350. 551.

382. 383. 384. 38ξό 389. 393.

 

