-620-

3971 -1370
3990 - 635
4167 -1336

3870 -1059
3871 -1060
3940- 634
3945 -1335
3956 -1165

3831 -12013
3838- 297
3860 - 633
3866 -1392
3869 - 298

3480 -1334
3527 -1281
3709 - 296
3723 — 632
3826 ·- 827

———

Numer! 31111113911311111111113111 nostris collati.

B—CH.
6- 942
7-941
8-1171
9·- 943
10 -1087
11-872
12 -1038
13- 864
14- 56
15- 122
, 16- 223.
12381251.
12721273.
29 -1099
36- 898
52- 100
54- 549
55- 395
56- 265
57-806
58- 690
59-457
60-801
61 -1023
62- 242
63 -1083
64- 973
66- 38
67 -1111
68- 146
69- 557
70 -1020
71- 664.
904.
73- 721

74 - 950
75- 537
76 -1017
77 -1075
78 - 818
79 - 805
80 - 626
81 - 832
82 -1073
83 - 230
84 -1225
85 -1106
86 - 64
87 - 763
88 - 239
89 - 867
90 - 900
91 - 852
92 - 116
93 -1115
94 —- 134
95 - 437
96 - 703
97 -1150
98 -— 815
99 -1134
100 - 802
101 -1096
102 - 814
1033- 682
1035- 682
1033- 682
106 -1090
108 - 142
109 -1103
110 - 205

111 - 55
112 - 712
113 - 713
114 -1141

116 - 172.

880. 881.
118 -1321
119 -1290
120 -1325
121 -1400
122 - 9
123 -1063
126 -1264
127 -1274
128 -1280
129 - 806
130 - 779
131 -1244
132- 94

133 -7113,

1133. ,

134 -1034
135 -1233
133 - 333
137 - 332
133 - 907
133 - 311
113 - 301
141 - 134
142 -1079
143 - 341
144 - 334

145 - 378.
385. 392.
421. 434.

673.

146 - 405
147 - 430
148 - 589
150 -- 361
151 - 513,
622.
152- 358
153 - 558
155 - 443
156 - 419
157 - 516
158 - 218
159 - 531
160 - 518
161 - 37
163 - 739
164 - 556
165 - 544
166 - 552
167 - 542
168 - 596
169 - 530
171 - 345.
347.

172 - 700
173 - 305
174 - 429
175 - 387.
416.
176- 594
177 -- 578.
704.

178 -· 295.
661.
179- 66
180 -1192

 

