396. 398. 400. 402. 407. 408.
410. 411. 413. 414. 423. 425.
428. 432. 435. 440. 441. 444.
446. 447. 452. 454. 455. 463.
464. 465. 467. 468. 469. 474.
498. 509. 510. 534. 535. 536·
538. 539. 540. 546. 547. 553.
565. 567. 577. 580. 584. 586.
587. 588. 601. 603. 604. 608.
619. 620. 627. 630. 633. 634.
637. 638. 646. 648. 649. 655.
662. 665. 668. 671. 673. 675.
679. 680. 684. 685. 687. 688.
694. 696. 697. 701. 704. 720.
722. 723. 725. 726. 727. 730.
733. 751. 753. 758. 759. 760.
767. 770. 771. 772. 781. 785.
789. 790. 791. 793. 796. 798.
803. 804. 807. 811. 819. 820.
822. 825. 826. 828. 831. 833.
834. 838. 839. 840. 842. 843.
844. 853. 857. 858. 861. 863.
867. 875. 877. 878. 883. 884.
891. 895. 918. 921. 926. 928.
930. 936. 937. 939. 947. 952.
954. 958. 959. 965. 969. 970.
972 978. 979. 983. 1008. 1010.
1025. 1026. 1029. 1031. 1035.
1039. 1043104311. 10455. 1050.
1053. 1054. 1055. 1064. 1066.
1069. 1077. 1084. 1085. 1088.
1091. 1093. 1097. 1098. 1101.
1104. 1107. 1113. 1117. 1119.
1120. 1121. 1122. 1124. 1125.
1126. 1129. 1130. 1142. 1143.
1152. 1155. 1162. 1166. 1167.
1168. 1170. 1175. 1177. 1183.
1184. 1212. 1219. 1220. 1222.
1226. 1227. 1233. 1235. 1239.
1240. 1241. 1242. 1249. 1255.
1260. 1263. 1267. 1268. 1269.
1275. 1276. 1278. 1279. 1282.
1284. 1285. 1292. 1295. 1296.
1297. 1300. 1305. 1306. 1309.
1310. 1317. 1329. 1330. 1331.
1334. 1348. 1353. 1360. 1369.
1379. 1390. 1393. 1394. 1395.
Hexametri cum pentametris 1111111-

tione compositi 1. 15. 24. 26. 30.
35. 54. 60. 72. 76. 78. 81. 101.
102. 106. 108. 144. 165. 167.
190. 192. 207. 235. 271. 283
300. 310. 326. 327. 332. 370.
374. 390. 412. 420. 422. 424.
442. 456. 459. 471. 541. 574
575. 599. 605. 632. 636. 639.
658. 705. 706. 747. 792. 816.
829. 830. 837. 854. 876. 906.
909. 910. 967. 991. 1040. 1062.
1072. 1078. 1080. 1123. 1140.
1146. 1152. 1157. 1161. 1163.
1176. 1182. 1197. 1243. 1250.
1262. 1299. 1303. 1315.

Metram mixtum 28. 38. 41. 87. 97.

105. 127. 146. 172. 175. 218.
220. 307. 344. 389. 391. 401.
402. 435. 447. 466. 476. 501.
502. 559. 604. 625. 654. 673.
683. 099. 704. 768. 810. 621.
867. 890. 992. 1047.1061.1075.
11391145. 11481191. 1316.

Metrum 1111114111 19. 99. 122154.

160.” 161. 162. 215. 224. 276.
288. 291. 313. 357. 426. 431.
436. 472. 475. 478. 479. 499.
495. 499. 527. 561. 576. 635.
666. 708. 7116. 718. 736. 737.
748. 750. 754. 788. 848. 851.
860. 911. 989. 990. 1045111052.
1060. 10751. 1112. 1131. 1132.
11585. 11586. 1164. 11781173.
1281. 1312. 1314. 1317. 1332.
1337. 1338. 1340. 1341. 1342.
1346. 13496. 1351. 1352. 1354
1356. 1357. 1359. 1362. 1363.
136413651366. 1367. 13679.
13701381.

Prosa ad instar 111111111318. 43.

11. 11. 62. 1311. 94. 111111. Ι
111111111. 131. 193. 111. ἰ
202. 209. 274. 299. 342. 111. ÷
311. 372. 311111. 419. 419. ἱ
131. 499. 497. 493. 909. 912. 1
111. 919. 996. 969. 111. 111. ;
111. 622. 113. 647. 661. 993. ;

677. 632. 724. 742. 773. 774. ⁴

 

