INDEX METRORUM.

Satumii⁵6.864. 872. 941. 942. 943. 1246. 1251. 1252. 1254. 1258.
9441087. 1171. 12721273. 1259. 1264. 1265. 1274. 1277.
senarii 9. 37. 55. 59. 64. 94. 100. 1280. 1287. 1289. 1290. 1304.
109. 116. 134. 142. 169. 183. 1307. 1318. 1320. 1321. 1325.
184. 196. 203. 205. 213. 223. 132713331400.
225. 230. 239. 242. 243. 254. Dimetri 132. 417. 448. 481. 517.
265. 285. 303. 305. 324. 345. 545. 581. 681. 756. 786. 866.
3 346. 347. 358. 361. 366. 378. 886. 887. 976. 977. 10051067.
385. 387. 392. 395. 401. 402. 1114. 1136. 1173. 1186. 1270.
405. 416. 421. 429. 430. 434. 1347.
435. 443. 453. 457. 460. 461. 055115551569. 691. 1229.
494. 504. 513. 516. 518. 521. Ιαω511511144.130.179. 180185.
528. 529. 530. 531. 542. 544. 226. 228. 257. 458. 505. 522.
549. 552. 554. 556. 557. 559. 525. 532. 533. 537. 558. 579.
570. 578. 589. 594. 595. 596. 731. 743. 744. 7589. 800. 880.
597. 614. 624. 625. 626. 651. 881. 894. 902. 938. 10031101.
656. 664. 673. 682. 686. 690. 1016. 1019. 1021. 1024. 1032.
700. 703. 704. 710. 712. 713. 1033. 1034. 1095. 1116. 1191.
721.Ι 739. 746. 763. 766. 779. 1195. 1199. 1223. 1232. 1245.
780. 801. 802. 805. 806. 812. 1247. 1248. 1253. 1256. 1257.
813. 814. 815. 818. 832. 841. 1294. 1322. 1324. 1336. 1361.
852. 862. 867. 871. 874. 896. 13801388.
898. 899. 900. 901. 902. 904. septenarii trochaici 66. 89. 379.
907. 917. 950. 973. 394. 996. 660. 669. 732. 764. 916. 922.
1015. 1017. 1020. 1023. 1037. 935. 1058. 1068. 1271. 1301·
1063. 1073. 1079. 1083. 1090. 1308.1319.1328.1377.
1094. 1096. 1099. 1103. 1106. Trochaei varii 371. 674. 740949·
1111. 1115. 1134. 1141. 1148. 1371.
1149. 1150. 1151. 1192. 1221. Hendeeasyllabi 145. 216. 373. 514.
1224. 1225. 1234. 1236. 1244. 555. 795. 869. 923. 1061. 1154.

 

