5979- 597
6009 - 265
6053- 904
6054- 664
60545-1039
6193 - 726
6493 -1199
6616 -1274
6785 - 266
7426 -1275
7527 - 598
7565556-277
7658 -1322
7697 -1323
7738 -1040
7739 -1364
,7750 -1041
7777- 268
7968 -1365
7972 -1399
8089 -1042
8131 - 599
8174 -1043
8192 - 813

XI.
117 - 814

137 -1158
188 -- 665
207 - 600
312- 269

-619-

1118 - 815
1122 - 272
1209- 604
1273- 816
1362 -1385
1391 -1367
1563 - 273
1616 - 906
1730 -1376
1767 - 605
1791 - 606
1800 - 274
1881 - 854
2329 - 607
2451 -1377
2538 -1378
2727 -1367α
2819 -11580
2836 -10440
3163 - 608
3194 -1045
3209 - 609
3273 - 610
3276 - 275
3356- 276
35715-10455
3752- 277
3759 - 278
3771 - 817
3963 - 279
4010 -1325
4211- 611

319 -1043a '

330 -1158a
382- 601
466 - 602
531- 603
546 -1276
. Mea—1365
568 - 905
575 -1277
594 -11585
627 - 761
654 - 270
856 -1324
911 - 271
9730-1044

XII.
213 - 612

218 - 613
287 -1159
338 -10455
481 - 727
533 -1160
578 - 614
592 - 855
029- 280
631 - 856
712 - 615

722 - 728
729 - 616
743 - 617
825 - 618
840 - 281

⁴ 843 - 282

861- 283
874 -1386
879 - 619
880 -1200
882 - 857
894 - 284
912 - 818
915 -1326
916 - 907
942 -1201
973 -1046
1036 - 285
1045 -10460
1122 -1047
1381 -1387
1499 -1048
1686 - 620
1932 -1278
1939 -1388
1981 -1049
2113 -10490
2114 -1050
2124 -10500
2130 -1051
2143 - 286
21755-1389
2301 - 621
2314 -1390
3559 -1391
3564 -1052
3619 - 908
4036 -1053
4117 - 287
4938 - 022
5026 - 819
5102 -1327
5193 - 288
5270 -1328
5271 -1329
5272 -1330
5273 -1054

, 5275 -1279

5276 - 820
5350 -1055
5411 - 289
5732 -1400
5750- 623
5807 - 606
5811 - 858
5813 - 624
5862 -1050

XIV.
207 -- 821
316 -1161
356 -1331
480 -1162
508 -· 625
632 - 762
636 - 290
867 -1332
914 -1163

1467 - 291
1597- 292,
1731 -— 626
1808 - 627
1821 - 628
1822 - 629
1823 -1164
1824 - 763
1825 - 909
1865 -1057
1873 -1280
1874 -1333
1935 - 293
2249 -1368
2298 - 822
2302 - 823
2382 -1369
2485 - 824
2553 - 294
2605 - 910
2709 - 825
2737 - 826
2765 - 630
2771 -1058
2841 - 295
3333 - 631

 

